energies in kcal/mol 
Rxn. coord (Å), <W>, d<W>, exp avg., d(exp avg.),2.cum, d(2.cum) 
   0.20    0.31    0.02    0.29    0.02    0.28    0.03
   0.60    0.37    0.05    0.25    0.03    0.23    0.02
   1.00    0.52    0.08    0.22    0.04    0.20    0.01
   1.40    0.83    0.10    0.30    0.06    0.30    0.03
   1.80    1.25    0.12    0.52    0.08    0.52    0.05
   2.20    1.78    0.14    0.92    0.09    0.79    0.05
   2.60    2.36    0.16    1.32    0.12    1.17    0.09
   3.00    3.01    0.17    1.98    0.15    1.59    0.06
   3.40    3.68    0.18    2.51    0.13    2.01    0.09
   3.80    4.38    0.19    3.04    0.13    2.51    0.10
   4.20    5.13    0.20    3.61    0.15    3.01    0.09
   4.60    5.86    0.21    4.03    0.19    3.52    0.13
   5.00    6.74    0.22    4.67    0.23    4.15    0.11
   5.40    7.57    0.23    5.20    0.31    4.72    0.11
   5.80    8.43    0.24    6.11    0.31    5.29    0.11
   6.20    9.28    0.25    7.00    0.26    5.83    0.10
   6.60   10.08    0.26    7.68    0.26    6.30    0.09
   7.00   10.86    0.27    8.27    0.30    6.75    0.08
   7.40   11.64    0.28    8.87    0.34    7.20    0.06
   7.80   12.36    0.29    9.49    0.36    7.59    0.08
   8.20   13.10    0.30   10.10    0.30    8.06    0.09
   8.60   13.91    0.31   10.83    0.30    8.58    0.09
   9.00   14.58    0.32   11.37    0.35    8.86    0.03
   9.40   15.32    0.33   11.77    0.42    9.10    0.03
   9.80   15.93    0.35   11.93    0.45    9.24    0.04
  10.20   16.62    0.36   12.43    0.41    9.44    0.05
  10.60   17.30    0.37   12.92    0.43    9.66    0.02
  11.00   17.86    0.38   13.28    0.40    9.79    0.04
  11.40   18.51    0.39   13.71    0.40   10.05    0.04
  11.80   19.10    0.40   14.14    0.40   10.23    0.03
  12.20   19.54    0.41   14.54    0.36   10.27    0.02
  12.60   20.07    0.42   14.88    0.33   10.36    0.01
  13.00   20.52    0.43   15.10    0.34   10.24    0.07
  13.40   20.99    0.45   15.38    0.37   10.17    0.04
  13.80   21.52    0.45   15.96    0.41   10.25    0.01
  14.20   21.95    0.46   16.12    0.46   10.21    0.02
  14.60   22.45    0.47   16.63    0.47   10.32    0.03
  15.00   22.92    0.48   17.29    0.41   10.47    0.06
  15.40   23.48    0.48   17.97    0.34   10.72    0.03
  15.80   23.85    0.49   18.31    0.30   10.58    0.05
  16.20   24.35    0.50   18.75    0.33   10.50    0.02
  16.60   24.77    0.51   19.21    0.35   10.54    0.03
  17.00   25.28    0.50   19.63    0.37   10.79    0.03
  17.40   25.60    0.52   19.76    0.35   10.82    0.01
  17.80   26.04    0.52   19.92    0.40   11.06    0.08
  18.20   26.49    0.52   20.33    0.42   11.41    0.04
  18.60   26.92    0.52   20.62    0.40   11.56    0.02
  19.00   27.30    0.53   21.01    0.39   11.65    0.03
  19.40   27.73    0.53   21.33    0.39   11.75    0.02
  19.80   28.16    0.54   21.71    0.42   11.92    0.03
  20.20   28.56    0.55   21.89    0.42   12.15    0.06
  20.60   28.99    0.54   22.35    0.42   12.38    0.03
  21.00   29.30    0.55   22.73    0.42   12.56    0.06
  21.40   29.77    0.55   23.36    0.43   12.98    0.09
  21.80   30.12    0.55   23.95    0.44   13.43    0.10
  22.20   30.54    0.54   24.52    0.41   13.87    0.06
  22.60   30.91    0.55   24.76    0.44   14.11    0.02
  23.00   31.27    0.55   25.06    0.44   14.19    0.03
  23.40   31.74    0.55   25.56    0.42   14.55    0.10
  23.80   32.18    0.55   25.96    0.40   14.88    0.04
  24.20   32.45    0.56   26.30    0.38   14.81    0.01
  24.60   32.85    0.57   26.55    0.37   14.84    0.02
  25.00   33.27    0.57   27.00    0.34   14.90    0.02
  25.40   33.75    0.58   27.45    0.30   14.87    0.05
  25.80   34.05    0.59   27.75    0.32   14.56    0.05
  26.20   34.63    0.60   28.42    0.32   14.53    0.02
  26.60   34.99    0.60   28.86    0.30   14.59    0.06
  27.00   35.49    0.61   29.20    0.30   14.82    0.05
  27.40   35.94    0.62   29.60    0.30   14.79    0.08
  27.80   36.33    0.63   29.72    0.30   14.41    0.06
  28.20   36.78    0.64   30.14    0.32   14.21    0.02
  28.60   37.25    0.64   30.39    0.39   14.20    0.03
  29.00   37.64    0.64   30.55    0.45   14.37    0.09
  29.40   38.22    0.65   30.98    0.47   14.60    0.05
  29.80   38.48    0.66   31.44    0.42   14.31    0.04
  30.20   39.04    0.66   31.93    0.37   14.39    0.04
  30.60   39.56    0.67   32.19    0.37   14.59    0.03
  31.00   39.92    0.67   32.54    0.33   14.74    0.06
  31.40   40.42    0.67   32.87    0.30   15.07    0.06
  31.80   40.88    0.68   33.09    0.33   15.27    0.05
  32.20   41.36    0.68   33.43    0.34   15.45    0.05
  32.60   41.81    0.69   33.83    0.31   15.57    0.02
  33.00   42.29    0.69   34.28    0.31   15.76    0.05
  33.40   42.85    0.69   34.70    0.33   16.14    0.09
  33.80   43.32    0.69   35.17    0.34   16.44    0.04
  34.20   43.87    0.70   35.53    0.36   16.72    0.06
  34.60   44.46    0.70   36.02    0.37   17.10    0.12
  35.00   45.02    0.70   36.38    0.33   17.38    0.02
  35.40   45.52    0.71   36.74    0.35   17.64    0.11
  35.80   46.24    0.71   37.11    0.39   18.39    0.16
  36.20   46.88    0.71   37.79    0.47   18.94    0.07
  36.60   47.41    0.71   37.86    0.49   19.09    0.05
  37.00   48.13    0.72   38.43    0.56   19.42    0.09
  37.40   49.02    0.72   38.84    0.61   19.82    0.03
  37.80   49.58    0.73   38.70    0.58   19.79    0.03
  38.20   50.41    0.74   38.99    0.62   20.08    0.07
  38.60   51.09    0.74   39.34    0.64   20.04    0.06
  39.00   51.89    0.75   39.57    0.62   20.09    0.04
  39.40   52.71    0.76   39.55    0.60   20.10    0.02
  39.80   53.49    0.78   39.82    0.63   20.15    0.03
