energies in units of kT 
Rxn. coord (Å), <W>, d<W>, exp avg., d(exp avg.),2.cum, d(2.cum) 
   0.20    0.50    0.03    0.46    0.04    0.45    0.06
   0.60    0.60    0.08    0.40    0.05    0.37    0.03
   1.00    0.85    0.13    0.35    0.07    0.33    0.01
   1.40    1.34    0.16    0.49    0.10    0.48    0.06
   1.80    2.03    0.19    0.85    0.13    0.84    0.09
   2.20    2.89    0.22    1.49    0.15    1.29    0.09
   2.60    3.84    0.25    2.14    0.20    1.89    0.15
   3.00    4.89    0.27    3.21    0.25    2.58    0.10
   3.40    5.97    0.29    4.08    0.21    3.26    0.15
   3.80    7.11    0.30    4.94    0.22    4.07    0.16
   4.20    8.33    0.33    5.85    0.25    4.89    0.15
   4.60    9.52    0.34    6.54    0.30    5.72    0.21
   5.00   10.94    0.36    7.58    0.37    6.73    0.18
   5.40   12.29    0.38    8.45    0.51    7.66    0.18
   5.80   13.69    0.39    9.93    0.50    8.59    0.17
   6.20   15.07    0.40   11.36    0.42    9.46    0.16
   6.60   16.37    0.42   12.48    0.41   10.23    0.14
   7.00   17.63    0.44   13.43    0.48   10.96    0.12
   7.40   18.89    0.46   14.40    0.55   11.69    0.09
   7.80   20.06    0.47   15.40    0.59   12.32    0.13
   8.20   21.27    0.49   16.39    0.48   13.08    0.14
   8.60   22.57    0.51   17.59    0.49   13.93    0.14
   9.00   23.66    0.52   18.47    0.57   14.38    0.05
   9.40   24.86    0.54   19.11    0.68   14.77    0.05
   9.80   25.86    0.57   19.37    0.72   14.99    0.06
  10.20   26.97    0.59   20.18    0.67   15.33    0.08
  10.60   28.08    0.60   20.97    0.69   15.68    0.03
  11.00   28.99    0.62   21.56    0.64   15.89    0.06
  11.40   30.06    0.63   22.25    0.65   16.32    0.06
  11.80   31.01    0.65   22.95    0.65   16.62    0.05
  12.20   31.73    0.66   23.60    0.59   16.67    0.03
  12.60   32.58    0.68   24.16    0.54   16.82    0.02
  13.00   33.32    0.70   24.52    0.56   16.63    0.11
  13.40   34.07    0.72   24.98    0.59   16.51    0.06
  13.80   34.93    0.73   25.91    0.66   16.65    0.01
  14.20   35.63    0.75   26.17    0.75   16.58    0.03
  14.60   36.44    0.76   27.00    0.76   16.75    0.04
  15.00   37.21    0.77   28.07    0.67   17.00    0.10
  15.40   38.11    0.77   29.17    0.56   17.40    0.05
  15.80   38.73    0.79   29.72    0.49   17.17    0.08
  16.20   39.54    0.81   30.43    0.53   17.05    0.03
  16.60   40.22    0.82   31.18    0.56   17.11    0.05
  17.00   41.04    0.82   31.86    0.59   17.51    0.05
  17.40   41.56    0.84   32.08    0.57   17.56    0.02
  17.80   42.28    0.84   32.34    0.65   17.96    0.13
  18.20   43.00    0.84   33.00    0.69   18.53    0.07
  18.60   43.71    0.85   33.48    0.65   18.77    0.04
  19.00   44.33    0.86   34.10    0.64   18.91    0.04
  19.40   45.02    0.87   34.63    0.64   19.08    0.03
  19.80   45.71    0.87   35.25    0.69   19.36    0.06
  20.20   46.36    0.89   35.53    0.68   19.73    0.09
  20.60   47.06    0.88   36.28    0.69   20.10    0.05
  21.00   47.56    0.89   36.89    0.68   20.39    0.10
  21.40   48.32    0.88   37.92    0.70   21.07    0.14
  21.80   48.90    0.89   38.89    0.71   21.80    0.16
  22.20   49.58    0.88   39.80    0.67   22.51    0.10
  22.60   50.19    0.89   40.19    0.71   22.90    0.03
  23.00   50.76    0.90   40.69    0.71   23.03    0.05
  23.40   51.52    0.90   41.50    0.68   23.63    0.16
  23.80   52.24    0.90   42.15    0.65   24.15    0.06
  24.20   52.68    0.91   42.69    0.61   24.04    0.02
  24.60   53.32    0.92   43.10    0.60   24.10    0.03
  25.00   54.01    0.93   43.83    0.55   24.19    0.04
  25.40   54.78    0.95   44.56    0.49   24.15    0.08
  25.80   55.28    0.96   45.05    0.52   23.64    0.08
  26.20   56.23    0.97   46.14    0.52   23.59    0.04
  26.60   56.80    0.98   46.86    0.49   23.69    0.10
  27.00   57.62    0.99   47.40    0.48   24.06    0.08
  27.40   58.35    1.00   48.06    0.49   24.02    0.14
  27.80   58.98    1.02   48.25    0.49   23.39    0.10
  28.20   59.71    1.04   48.92    0.52   23.07    0.03
  28.60   60.47    1.04   49.33    0.63   23.05    0.05
  29.00   61.11    1.04   49.60    0.73   23.33    0.14
  29.40   62.05    1.05   50.30    0.76   23.71    0.07
  29.80   62.47    1.07   51.04    0.68   23.22    0.07
  30.20   63.38    1.08   51.83    0.59   23.37    0.06
  30.60   64.23    1.08   52.25    0.60   23.69    0.05
  31.00   64.80    1.09   52.83    0.53   23.94    0.09
  31.40   65.63    1.09   53.37    0.49   24.46    0.10
  31.80   66.36    1.10   53.72    0.53   24.79    0.08
  32.20   67.15    1.10   54.28    0.56   25.08    0.08
  32.60   67.88    1.12   54.91    0.50   25.29    0.04
  33.00   68.65    1.12   55.65    0.51   25.58    0.08
  33.40   69.56    1.12   56.34    0.54   26.20    0.15
  33.80   70.33    1.12   57.10    0.55   26.69    0.07
  34.20   71.23    1.13   57.68    0.58   27.14    0.09
  34.60   72.18    1.14   58.47    0.60   27.75    0.19
  35.00   73.09    1.14   59.07    0.54   28.22    0.04
  35.40   73.90    1.15   59.64    0.57   28.64    0.18
  35.80   75.07    1.15   60.25    0.64   29.85    0.25
  36.20   76.11    1.14   61.36    0.76   30.75    0.11
  36.60   76.96    1.16   61.47    0.79   30.98    0.07
  37.00   78.14    1.16   62.39    0.91   31.53    0.14
  37.40   79.59    1.17   63.05    0.99   32.17    0.05
  37.80   80.49    1.19   62.83    0.94   32.13    0.05
  38.20   81.84    1.20   63.29    1.01   32.60    0.11
  38.60   82.93    1.21   63.87    1.04   32.54    0.09
  39.00   84.24    1.22   64.24    1.01   32.61    0.06
  39.40   85.58    1.23   64.21    0.97   32.63    0.04
  39.80   86.83    1.27   64.64    1.02   32.71    0.04
