energies in units of kT 
Rxn. coord (Å), <W>, d<W>, exp avg., d(exp avg.),2.cum, d(2.cum) 
   0.20   -0.17    0.03   -0.19    0.03   -0.21    0.04
   0.60    0.02    0.08   -0.15    0.05   -0.18    0.03
   1.00    0.64    0.15    0.01    0.09    0.05    0.06
   1.40    1.58    0.21    0.29    0.14    0.46    0.10
   1.80    2.78    0.25    0.86    0.21    1.07    0.12
   2.20    4.04    0.29    1.63    0.28    1.77    0.14
   2.60    5.41    0.31    2.87    0.32    2.61    0.18
   3.00    6.85    0.33    4.04    0.37    3.66    0.21
   3.40    8.29    0.35    5.24    0.34    4.77    0.22
   3.80    9.72    0.37    6.60    0.31    5.96    0.24
   4.20   11.19    0.37    7.92    0.37    7.06    0.20
   4.60   12.59    0.38    9.39    0.40    8.24    0.23
   5.00   13.88    0.40   10.83    0.32    9.25    0.17
   5.40   15.14    0.41   12.00    0.31   10.13    0.16
   5.80   16.37    0.43   12.65    0.36   11.03    0.20
   6.20   17.74    0.44   13.71    0.43   11.99    0.18
   6.60   19.21    0.47   15.01    0.43   12.92    0.18
   7.00   20.76    0.49   16.38    0.40   13.81    0.16
   7.40   22.22    0.52   17.60    0.39   14.38    0.08
   7.80   23.71    0.54   18.87    0.40   15.04    0.16
   8.20   25.35    0.56   20.43    0.45   15.91    0.17
   8.60   26.96    0.59   21.73    0.48   16.67    0.11
   9.00   28.61    0.61   23.26    0.51   17.30    0.08
   9.40   30.11    0.65   24.55    0.53   17.50    0.05
   9.80   31.53    0.68   25.53    0.48   17.61    0.06
  10.20   33.20    0.70   26.77    0.54   18.24    0.15
  10.60   34.84    0.71   28.53    0.50   19.14    0.19
  11.00   36.72    0.73   29.78    0.53   20.40    0.21
  11.40   38.35    0.76   30.31    0.66   21.29    0.15
  11.80   40.07    0.77   31.49    0.77   21.92    0.09
  12.20   41.79    0.80   32.58    0.82   22.37    0.09
  12.60   43.56    0.84   33.36    0.89   22.91    0.08
  13.00   45.12    0.83   35.72    0.95   23.39    0.17
  13.40   46.63    0.85   37.49    0.67   24.23    0.17
  13.80   48.46    0.87   39.20    0.69   25.50    0.25
  14.20   50.10    0.87   40.41    0.83   26.85    0.23
  14.60   51.85    0.89   41.62    1.01   27.76    0.06
  15.00   53.45    0.91   42.47    1.00   28.16    0.11
  15.40   55.01    0.94   43.34    0.96   28.15    0.02
  15.80   56.49    0.98   43.91    0.96   27.82    0.12
  16.20   58.20    1.00   45.22    0.99   27.39    0.06
  16.60   59.68    1.05   45.95    0.93   26.90    0.12
  17.00   61.14    1.05   47.23    0.94   26.09    0.17
  17.40   62.77    1.11   48.16    0.85   25.09    0.25
  17.80   63.97    1.15   48.59    0.78   23.74    0.21
  18.20   65.46    1.18   49.50    0.78   22.75    0.27
  18.60   66.76    1.24   49.76    0.83   21.21    0.31
  19.00   67.71    1.26   50.43    0.86   18.99    0.46
  19.40   68.75    1.31   51.37    0.91   16.81    0.41
  19.80   70.10    1.34   52.03    0.82   14.92    0.42
  20.20   71.21    1.37   52.84    0.84   13.12    0.24
  20.60   72.43    1.40   53.30    0.70   12.00    0.20
  21.00   73.39    1.43   54.05    0.71   10.41    0.35
  21.40   74.39    1.47   54.63    0.71    8.66    0.36
  21.80   75.31    1.48   55.27    0.86    6.49    0.42
  22.20   76.10    1.53   55.65    0.93    4.49    0.30
  22.60   77.18    1.54   55.92    1.00    3.45    0.19
  23.00   78.12    1.55   55.85    0.98    2.82    0.10
  23.40   78.81    1.60   55.97    0.97    1.84    0.25
  23.80   79.74    1.59   56.36    1.01    0.71    0.24
  24.20   80.49    1.62   56.91    0.99   -0.20    0.14
  24.60   81.45    1.63   57.51    1.05   -0.82    0.28
  25.00   81.95    1.65   57.71    0.95   -2.17    0.26
  25.40   82.72    1.67   58.55    1.06   -2.98    0.10
  25.80   83.46    1.66   59.27    1.01   -3.35    0.04
  26.20   84.29    1.67   60.08    1.07   -3.09    0.14
  26.60   85.11    1.70   60.56    0.97   -2.56    0.14
  27.00   85.81    1.68   61.86    1.15   -2.84    0.14
  27.40   86.29    1.69   62.48    1.00   -3.53    0.10
  27.80   87.10    1.72   63.04    1.02   -3.51    0.08
  28.20   88.08    1.72   63.99    1.05   -3.04    0.08
  28.60   88.66    1.72   64.97    1.02   -2.75    0.05
  29.00   89.42    1.72   66.46    1.14   -2.53    0.04
  29.40   90.10    1.73   67.31    0.98   -2.69    0.15
  29.80   90.77    1.74   68.72    1.12   -2.75    0.15
  30.20   91.58    1.73   70.24    0.98   -2.54    0.11
  30.60   92.69    1.75   71.27    0.80   -2.03    0.06
  31.00   93.36    1.75   72.38    0.77   -2.22    0.08
  31.40   94.43    1.77   73.51    0.72   -2.46    0.19
  31.80   94.91    1.79   74.37    0.67   -3.55    0.22
  32.20   95.67    1.80   74.74    0.65   -4.40    0.14
  32.60   96.59    1.81   75.43    0.65   -4.71    0.11
  33.00   97.31    1.81   76.37    0.69   -4.79    0.06
  33.40   98.21    1.82   77.46    0.70   -4.58    0.02
  33.80   98.82    1.83   78.32    0.65   -4.69    0.02
  34.20   99.80    1.83   79.22    0.67   -4.09    0.18
  34.60  100.58    1.83   80.18    0.63   -3.45    0.14
  35.00  101.41    1.83   80.88    0.62   -2.99    0.08
  35.40  102.30    1.83   81.55    0.66   -1.86    0.42
  35.80  103.50    1.82   82.64    0.67    0.45    0.42
  36.20  104.68    1.80   83.89    0.74    3.12    0.53
  36.60  105.57    1.81   84.90    0.69    5.13    0.35
  37.00  106.44    1.80   85.66    0.82    6.57    0.26
  37.40  107.78    1.79   86.52    0.84    8.04    0.23
  37.80  108.74    1.78   87.63    0.92    9.07    0.24
  38.20  109.99    1.80   89.09    0.79   10.46    0.24
  38.60  111.19    1.79   90.37    0.64   11.61    0.23
  39.00  112.45    1.80   91.48    0.65   12.60    0.16
  39.40  113.85    1.80   92.56    0.66   12.66    0.16
  39.80  115.07    1.84   93.63    0.66   12.18    0.07
