energies in kcal/mol 
Rxn. coord (Å), <W>, d<W>, exp avg., d(exp avg.),2.cum, d(2.cum) 
   0.20   -0.10    0.02   -0.12    0.02   -0.13    0.02
   0.60    0.01    0.05   -0.09    0.03   -0.11    0.02
   1.00    0.39    0.09    0.01    0.05    0.03    0.04
   1.40    0.97    0.13    0.18    0.09    0.29    0.06
   1.80    1.71    0.16    0.53    0.13    0.66    0.08
   2.20    2.49    0.18    1.00    0.17    1.09    0.09
   2.60    3.33    0.19    1.77    0.20    1.61    0.11
   3.00    4.22    0.20    2.49    0.22    2.26    0.13
   3.40    5.11    0.22    3.23    0.21    2.94    0.14
   3.80    5.98    0.22    4.06    0.19    3.67    0.15
   4.20    6.89    0.23    4.88    0.23    4.35    0.13
   4.60    7.75    0.24    5.78    0.25    5.07    0.14
   5.00    8.55    0.25    6.67    0.19    5.70    0.10
   5.40    9.33    0.25    7.39    0.19    6.24    0.10
   5.80   10.09    0.26    7.79    0.22    6.79    0.12
   6.20   10.93    0.27    8.45    0.26    7.39    0.11
   6.60   11.83    0.29    9.25    0.26    7.96    0.11
   7.00   12.79    0.30   10.09    0.25    8.51    0.10
   7.40   13.69    0.32   10.84    0.24    8.86    0.05
   7.80   14.61    0.33   11.62    0.25    9.27    0.10
   8.20   15.61    0.35   12.58    0.28    9.80    0.10
   8.60   16.60    0.36   13.38    0.29   10.27    0.07
   9.00   17.62    0.38   14.32    0.31   10.66    0.05
   9.40   18.55    0.40   15.12    0.33   10.78    0.03
   9.80   19.42    0.42   15.72    0.30   10.85    0.04
  10.20   20.45    0.43   16.49    0.33   11.24    0.09
  10.60   21.46    0.44   17.57    0.31   11.79    0.12
  11.00   22.62    0.45   18.35    0.32   12.57    0.13
  11.40   23.62    0.47   18.67    0.41   13.12    0.09
  11.80   24.68    0.48   19.40    0.47   13.50    0.05
  12.20   25.74    0.49   20.07    0.50   13.78    0.05
  12.60   26.83    0.52   20.55    0.55   14.11    0.05
  13.00   27.79    0.51   22.00    0.58   14.41    0.11
  13.40   28.72    0.52   23.09    0.41   14.93    0.10
  13.80   29.85    0.53   24.15    0.43   15.71    0.16
  14.20   30.86    0.54   24.89    0.51   16.54    0.14
  14.60   31.94    0.55   25.64    0.62   17.10    0.04
  15.00   32.92    0.56   26.16    0.61   17.35    0.07
  15.40   33.88    0.58   26.70    0.59   17.34    0.01
  15.80   34.80    0.60   27.04    0.59   17.14    0.08
  16.20   35.85    0.62   27.85    0.61   16.87    0.04
  16.60   36.76    0.64   28.31    0.57   16.57    0.07
  17.00   37.66    0.65   29.09    0.58   16.07    0.11
  17.40   38.66    0.68   29.67    0.53   15.45    0.15
  17.80   39.40    0.71   29.93    0.48   14.62    0.13
  18.20   40.32    0.73   30.49    0.48   14.01    0.16
  18.60   41.12    0.76   30.65    0.51   13.06    0.19
  19.00   41.71    0.78   31.07    0.53   11.70    0.29
  19.40   42.35    0.80   31.64    0.56   10.35    0.25
  19.80   43.18    0.83   32.05    0.50    9.19    0.26
  20.20   43.87    0.84   32.55    0.52    8.08    0.15
  20.60   44.61    0.86   32.83    0.43    7.39    0.12
  21.00   45.21    0.88   33.29    0.44    6.41    0.21
  21.40   45.82    0.91   33.65    0.44    5.34    0.22
  21.80   46.39    0.91   34.05    0.53    4.00    0.26
  22.20   46.88    0.94   34.28    0.57    2.77    0.19
  22.60   47.54    0.95   34.44    0.61    2.13    0.12
  23.00   48.12    0.96   34.40    0.60    1.74    0.06
  23.40   48.54    0.98   34.47    0.60    1.13    0.16
  23.80   49.11    0.98   34.71    0.62    0.44    0.15
  24.20   49.58    1.00   35.05    0.61   -0.12    0.09
  24.60   50.17    1.00   35.43    0.65   -0.50    0.17
  25.00   50.48    1.02   35.55    0.59   -1.34    0.16
  25.40   50.95    1.03   36.07    0.65   -1.83    0.06
  25.80   51.41    1.02   36.51    0.62   -2.07    0.02
  26.20   51.92    1.03   37.01    0.66   -1.91    0.08
  26.60   52.42    1.05   37.30    0.60   -1.58    0.08
  27.00   52.86    1.04   38.11    0.71   -1.75    0.09
  27.40   53.15    1.04   38.48    0.62   -2.18    0.06
  27.80   53.65    1.06   38.83    0.63   -2.17    0.05
  28.20   54.25    1.06   39.42    0.65   -1.87    0.05
  28.60   54.61    1.06   40.02    0.63   -1.69    0.03
  29.00   55.08    1.06   40.94    0.70   -1.56    0.03
  29.40   55.50    1.07   41.46    0.60   -1.66    0.09
  29.80   55.91    1.07   42.33    0.69   -1.70    0.10
  30.20   56.41    1.07   43.27    0.60   -1.56    0.07
  30.60   57.10    1.08   43.90    0.49   -1.25    0.03
  31.00   57.51    1.08   44.59    0.47   -1.37    0.05
  31.40   58.17    1.09   45.28    0.44   -1.51    0.12
  31.80   58.46    1.10   45.81    0.42   -2.19    0.13
  32.20   58.93    1.11   46.04    0.40   -2.71    0.09
  32.60   59.50    1.12   46.46    0.40   -2.90    0.07
  33.00   59.94    1.12   47.04    0.43   -2.95    0.04
  33.40   60.49    1.12   47.71    0.43   -2.82    0.01
  33.80   60.87    1.13   48.25    0.40   -2.89    0.01
  34.20   61.47    1.13   48.80    0.41   -2.52    0.11
  34.60   61.95    1.13   49.39    0.39   -2.13    0.09
  35.00   62.46    1.13   49.82    0.38   -1.84    0.05
  35.40   63.01    1.13   50.23    0.40   -1.15    0.26
  35.80   63.75    1.12   50.90    0.41    0.28    0.26
  36.20   64.48    1.11   51.67    0.45    1.92    0.33
  36.60   65.03    1.11   52.29    0.43    3.16    0.22
  37.00   65.56    1.11   52.76    0.51    4.05    0.16
  37.40   66.39    1.10   53.29    0.52    4.95    0.14
  37.80   66.98    1.10   53.98    0.56    5.59    0.15
  38.20   67.75    1.11   54.88    0.49    6.44    0.15
  38.60   68.49    1.10   55.66    0.40    7.15    0.14
  39.00   69.26    1.11   56.35    0.40    7.76    0.10
  39.40   70.13    1.11   57.02    0.41    7.80    0.10
  39.80   70.88    1.13   57.67    0.41    7.50    0.04
